,Vol_t0,Vol_t1,Vol_t2,Vol_t3,cellname,region,Specific growth rate,notes
0,11766.0,9828.0,8550.0,10101.0,a,1,0.18140350877192982,
1,13043.0,10691.0,10274.0,5878.0,b,1,-0.4278761923301538,divided
2,10751.0,9632.0,8865.0,6795.0,c,1,-0.233502538071066,
3,13050.0,12150.0,12668.0,7442.0,d,1,-0.4125355225765709,divided
4,8872.0,8516.0,8162.0,10009.0,e,1,0.22629257534917913,
5,11544.0,10470.0,7905.0,14039.0,f,1,0.7759645793801392,
6,9718.0,8321.0,7026.0,11570.0,g,1,0.6467406774836322,
7,10433.0,0.0,0.0,0.0,dead cell,1,,
8,12522.0,21812.0,10546.0,11678.0,a,2,0.10733927555471269,
9,8906.0,9548.0,8892.0,10541.0,b,2,0.18544759334233019,
10,8693.0,9268.0,8041.0,11910.0,c,2,0.48115905981843055,
11,25872.0,26345.0,9847.0,8284.0,d,2,-0.15872854676551235,divided
12,15978.0,15808.0,10162.0,14475.0,e,2,0.4244243259200945,
13,10926.0,10887.0,9886.0,11831.0,f,2,0.19674286870321667,
14,12590.0,12979.0,10884.0,8181.0,g,2,-0.24834619625137816,
15,10386.0,10655.0,9008.0,10045.0,h,2,0.11511989342806395,Bad seg
16,7668.0,7718.0,5287.0,5678.0,i,2,0.07395498392282958,
17,29111.0,0.0,0.0,0.0,dead cell,2,,
18,8388.0,8628.0,6822.0,9424.0,a,3,0.3814130753444738,
19,5929.0,6195.0,6997.0,8846.0,b,3,0.2642561097613263,
20,14784.0,12713.0,14023.0,12523.0,c,3,-0.10696712543678243,divided
21,8610.0,8311.0,8800.0,11772.0,d,3,0.3377272727272727,
22,12067.0,10864.0,10852.0,13097.0,e,3,0.20687430888315517,divided
23,16868.0,19151.0,17268.0,12099.0,f,3,-0.2993398193189715,
24,13112.0,0.0,0.0,13547.0,lucky cell,3,inf,
